5 6828.83
5.00334 6837.35
5.00669 6846.09
5.01003 6855.04
5.01338 6864.2
5.01672 6873.56
5.02007 6883.13
5.02341 6892.91
5.02676 6902.89
5.0301 6913.08
5.03344 6923.47
5.03679 6934.06
5.04013 6944.84
5.04348 6955.83
5.04682 6967.01
5.05017 6978.39
5.05351 6989.97
5.05686 7001.74
5.0602 7013.7
5.06355 7025.85
5.06689 7038.19
5.07023 7050.72
5.07358 7063.43
5.07692 7076.34
5.08027 7089.42
5.08361 7102.7
5.08696 7116.15
5.0903 7129.78
5.09365 7143.6
5.09699 7157.59
5.10033 7171.76
5.10368 7186.11
5.10702 7200.63
5.11037 7215.33
5.11371 7230.2
5.11706 7245.24
5.1204 7260.45
5.12375 7275.83
5.12709 7291.38
5.13043 7307.09
5.13378 7322.97
5.13712 7339.01
5.14047 7355.22
5.14381 7371.58
5.14716 7388.11
5.1505 7404.8
5.15385 7421.64
5.15719 7438.64
5.16054 7455.8
5.16388 7473.11
5.16722 7490.58
5.17057 7508.19
5.17391 7525.96
5.17726 7543.87
5.1806 7561.94
5.18395 7580.15
5.18729 7598.5
5.19064 7617
5.19398 7635.64
5.19732 7654.43
5.20067 7673.36
5.20401 7692.42
5.20736 7711.62
5.2107 7730.97
5.21405 7750.44
5.21739 7770.05
5.22074 7789.8
5.22408 7809.67
5.22742 7829.68
5.23077 7849.82
5.23411 7870.08
5.23746 7890.48
5.2408 7910.99
5.24415 7931.64
5.24749 7952.4
5.25084 7973.29
5.25418 7994.3
5.25753 8015.43
5.26087 8036.68
5.26421 8058.05
5.26756 8079.53
5.2709 8101.13
5.27425 8122.84
5.27759 8144.66
5.28094 8166.6
5.28428 8188.64
5.28763 8210.79
5.29097 8233.05
5.29431 8255.42
5.29766 8277.89
5.301 8300.47
5.30435 8323.15
5.30769 8345.93
5.31104 8368.81
5.31438 8391.79
5.31773 8414.87
5.32107 8438.04
5.32441 8461.31
5.32776 8484.67
5.3311 8508.13
5.33445 8531.67
5.33779 8555.31
5.34114 8579.04
5.34448 8602.86
5.34783 8626.76
5.35117 8650.74
5.35452 8674.82
5.35786 8698.97
5.3612 8723.21
5.36455 8747.52
5.36789 8771.92
5.37124 8796.39
5.37458 8820.94
5.37793 8845.57
5.38127 8870.27
5.38462 8895.05
5.38796 8919.89
5.3913 8944.81
5.39465 8969.8
5.39799 8994.85
5.40134 9019.98
5.40468 9045.16
5.40803 9070.42
5.41137 9095.73
5.41472 9121.11
5.41806 9146.55
5.4214 9172.05
5.42475 9197.6
5.42809 9223.22
5.43144 9248.89
5.43478 9274.62
5.43813 9300.39
5.44147 9326.23
5.44482 9352.11
5.44816 9378.04
5.45151 9404.02
5.45485 9430.05
5.45819 9456.12
5.46154 9482.24
5.46488 9508.41
5.46823 9534.61
5.47157 9560.86
5.47492 9587.15
5.47826 9613.47
5.48161 9639.84
5.48495 9666.24
5.48829 9692.67
5.49164 9719.14
5.49498 9745.64
5.49833 9772.18
5.50167 9798.74
5.50502 9825.33
5.50836 9851.95
5.51171 9878.6
5.51505 9905.27
5.51839 9931.97
5.52174 9958.69
5.52508 9985.43
5.52843 10012.2
5.53177 10039
5.53512 10065.8
5.53846 10092.6
5.54181 10119.4
5.54515 10146.3
5.54849 10173.1
5.55184 10200
5.55518 10226.9
5.55853 10253.8
5.56187 10280.7
5.56522 10307.6
5.56856 10334.5
5.57191 10361.4
5.57525 10388.3
5.5786 10415.2
5.58194 10442.2
5.58528 10469.1
5.58863 10496
5.59197 10522.9
5.59532 10549.8
5.59866 10576.7
5.60201 10603.6
5.60535 10630.5
5.6087 10657.4
5.61204 10684.3
5.61538 10711.1
5.61873 10738
5.62207 10764.8
5.62542 10791.7
5.62876 10818.5
5.63211 10845.2
5.63545 10872
5.6388 10898.8
5.64214 10925.5
5.64548 10952.2
5.64883 10978.9
5.65217 11005.5
5.65552 11032.2
5.65886 11058.8
5.66221 11085.3
5.66555 11111.9
5.6689 11138.4
5.67224 11164.9
5.67559 11191.3
5.67893 11217.7
5.68227 11244.1
5.68562 11270.4
5.68896 11296.7
5.69231 11323
5.69565 11349.2
5.699 11375.4
5.70234 11401.5
5.70569 11427.6
5.70903 11453.7
5.71237 11479.7
5.71572 11505.6
5.71906 11531.5
5.72241 11557.4
5.72575 11583.1
5.7291 11608.9
5.73244 11634.6
5.73579 11660.2
5.73913 11685.8
5.74247 11711.3
5.74582 11736.8
5.74916 11762.2
5.75251 11787.5
5.75585 11812.8
5.7592 11838
5.76254 11863.1
5.76589 11888.2
5.76923 11913.2
5.77258 11938.1
5.77592 11963
5.77926 11987.8
5.78261 12012.5
5.78595 12037.2
5.7893 12061.8
5.79264 12086.3
5.79599 12110.7
5.79933 12135
5.80268 12159.3
5.80602 12183.5
5.80936 12207.6
5.81271 12231.6
5.81605 12255.5
5.8194 12279.4
5.82274 12303.1
5.82609 12326.8
5.82943 12350.4
5.83278 12373.8
5.83612 12397.2
5.83946 12420.5
5.84281 12443.7
5.84615 12466.8
5.8495 12489.9
5.85284 12512.8
5.85619 12535.6
5.85953 12558.3
5.86288 12580.9
5.86622 12603.4
5.86957 12625.8
5.87291 12648.1
5.87625 12670.3
5.8796 12692.4
5.88294 12714.3
5.88629 12736.2
5.88963 12757.9
5.89298 12779.6
5.89632 12801.1
5.89967 12822.5
5.90301 12843.8
5.90635 12865
5.9097 12886
5.91304 12906.9
5.91639 12927.7
5.91973 12948.4
5.92308 12969
5.92642 12989.4
5.92977 13009.7
5.93311 13029.9
5.93645 13049.9
5.9398 13069.9
5.94314 13089.6
5.94649 13109.3
5.94983 13128.8
5.95318 13148.2
5.95652 13167.5
5.95987 13186.6
5.96321 13205.5
5.96656 13224.4
5.9699 13243.1
5.97324 13261.6
5.97659 13280
5.97993 13298.3
5.98328 13316.4
5.98662 13334.3
5.98997 13352.1
5.99331 13369.8
5.99666 13387.3
6 13404.7
