1 -nan
1.01003 -nan
1.02007 -nan
1.0301 -nan
1.04013 -nan
1.05017 -nan
1.0602 -nan
1.07023 -nan
1.08027 -nan
1.0903 -nan
1.10033 -nan
1.11037 -nan
1.1204 -nan
1.13043 -nan
1.14047 -nan
1.1505 -nan
1.16054 -nan
1.17057 -nan
1.1806 -nan
1.19064 -nan
1.20067 -nan
1.2107 -nan
1.22074 -nan
1.23077 -nan
1.2408 52.1359
1.25084 52.6451
1.26087 53.1763
1.2709 53.7302
1.28094 54.3073
1.29097 54.9081
1.301 55.5331
1.31104 56.1829
1.32107 56.8579
1.3311 57.5589
1.34114 58.2862
1.35117 59.0404
1.3612 59.822
1.37124 60.6316
1.38127 61.4698
1.3913 62.3369
1.40134 63.2337
1.41137 64.1606
1.4214 65.1181
1.43144 66.1067
1.44147 67.1271
1.45151 68.1798
1.46154 69.2652
1.47157 70.3839
1.48161 71.5365
1.49164 72.7235
1.50167 73.9454
1.51171 75.2027
1.52174 76.496
1.53177 77.8259
1.54181 79.1928
1.55184 80.5973
1.56187 82.0399
1.57191 83.5211
1.58194 85.0415
1.59197 86.6017
1.60201 88.2021
1.61204 89.8433
1.62207 91.5259
1.63211 93.2502
1.64214 95.017
1.65217 96.8267
1.66221 98.6799
1.67224 100.577
1.68227 102.519
1.69231 104.505
1.70234 106.538
1.71237 108.616
1.72241 110.741
1.73244 112.914
1.74247 115.134
1.75251 117.402
1.76254 119.719
1.77258 122.086
1.78261 124.502
1.79264 126.969
1.80268 129.486
1.81271 132.056
1.82274 134.677
1.83278 137.35
1.84281 140.077
1.85284 142.858
1.86288 145.692
1.87291 148.581
1.88294 151.526
1.89298 154.526
1.90301 157.582
1.91304 160.695
1.92308 163.866
1.93311 167.094
1.94314 170.381
1.95318 173.727
1.96321 177.132
1.97324 180.597
1.98328 184.123
1.99331 187.71
2.00334 191.358
2.01338 195.069
2.02341 198.842
2.03344 202.679
2.04348 206.579
2.05351 210.544
2.06355 214.573
2.07358 218.668
2.08361 222.829
2.09365 227.056
2.10368 231.35
2.11371 235.711
2.12375 240.141
2.13378 244.639
2.14381 249.206
2.15385 253.843
2.16388 258.55
2.17391 263.327
2.18395 268.176
2.19398 273.097
2.20401 278.09
2.21405 283.155
2.22408 288.294
2.23411 293.507
2.24415 298.795
2.25418 304.157
2.26421 309.595
2.27425 315.109
2.28428 320.7
2.29431 326.367
2.30435 332.112
2.31438 337.936
2.32441 343.838
2.33445 349.819
2.34448 355.88
2.35452 362.022
2.36455 368.244
2.37458 374.547
2.38462 380.933
2.39465 387.401
2.40468 393.952
2.41472 400.586
2.42475 407.305
2.43478 414.108
2.44482 420.996
2.45485 427.969
2.46488 435.029
2.47492 442.176
2.48495 449.41
2.49498 456.732
2.50502 464.142
2.51505 471.641
2.52508 479.229
2.53512 486.907
2.54515 494.675
2.55518 502.535
2.56522 510.486
2.57525 518.529
2.58528 526.665
2.59532 534.894
2.60535 543.216
2.61538 551.633
2.62542 560.144
2.63545 568.751
2.64548 577.453
2.65552 586.252
2.66555 595.148
2.67559 604.141
2.68562 613.232
2.69565 622.421
2.70569 631.709
2.71572 641.097
2.72575 650.585
2.73579 660.174
2.74582 669.863
2.75585 679.655
2.76589 689.548
2.77592 699.544
2.78595 709.644
2.79599 719.847
2.80602 730.155
2.81605 740.567
2.82609 751.085
2.83612 761.709
2.84615 772.439
2.85619 783.277
2.86622 794.222
2.87625 805.275
2.88629 816.436
2.89632 827.707
2.90635 839.087
2.91639 850.577
2.92642 862.179
2.93645 873.891
2.94649 885.716
2.95652 897.652
2.96656 909.702
2.97659 921.865
2.98662 934.142
2.99666 946.533
3.00669 959.039
3.01672 971.661
3.02676 984.399
3.03679 997.254
3.04682 1010.23
3.05686 1023.32
3.06689 1036.52
3.07692 1049.85
3.08696 1063.29
3.09699 1076.86
3.10702 1090.55
3.11706 1104.35
3.12709 1118.28
3.13712 1132.33
3.14716 1146.5
3.15719 1160.8
3.16722 1175.22
3.17726 1189.76
3.18729 1204.43
3.19732 1219.22
3.20736 1234.14
3.21739 1249.19
3.22742 1264.36
3.23746 1279.66
3.24749 1295.08
3.25753 1310.64
3.26756 1326.32
3.27759 1342.14
3.28763 1358.08
3.29766 1374.15
3.30769 1390.36
3.31773 1406.7
3.32776 1423.16
3.33779 1439.77
3.34783 1456.5
3.35786 1473.37
3.36789 1490.37
3.37793 1507.51
3.38796 1524.78
3.39799 1542.19
3.40803 1559.73
3.41806 1577.41
3.42809 1595.23
3.43813 1613.19
3.44816 1631.29
3.45819 1649.52
3.46823 1667.89
3.47826 1686.41
3.48829 1705.06
3.49833 1723.86
3.50836 1742.8
3.51839 1761.88
3.52843 1781.1
3.53846 1800.46
3.54849 1819.97
3.55853 1839.63
3.56856 1859.43
3.5786 1879.37
3.58863 1899.46
3.59866 1919.7
3.6087 1940.08
3.61873 1960.62
3.62876 1981.3
3.6388 2002.12
3.64883 2023.1
3.65886 2044.23
3.6689 2065.51
3.67893 2086.93
3.68896 2108.51
3.699 2130.25
3.70903 2152.13
3.71906 2174.17
3.7291 2196.36
3.73913 2218.7
3.74916 2241.2
3.7592 2263.85
3.76923 2286.66
3.77926 2309.63
3.7893 2332.75
3.79933 2356.03
3.80936 2379.47
3.8194 2403.06
3.82943 2426.82
3.83946 2450.73
3.8495 2474.8
3.85953 2499.04
3.86957 2523.43
3.8796 2547.99
3.88963 2572.71
3.89967 2597.59
3.9097 2622.63
3.91973 2647.84
3.92977 2673.21
3.9398 2698.75
3.94983 2724.45
3.95987 2750.32
3.9699 2776.35
3.97993 2802.55
3.98997 2828.92
4 2855.45
