5.6 10539
5.60133 10553.7
5.60266 10568.3
5.60398 10583
5.60531 10597.7
5.60664 10612.4
5.60797 10627.2
5.60929 10641.9
5.61062 10656.6
5.61195 10671.4
5.61328 10686.1
5.61461 10700.9
5.61593 10715.7
5.61726 10730.4
5.61859 10745.2
5.61992 10760
5.62124 10774.8
5.62257 10789.6
5.6239 10804.4
5.62523 10819.2
5.62656 10834
5.62788 10848.7
5.62921 10863.5
5.63054 10878.3
5.63187 10893.1
5.63319 10907.9
5.63452 10922.7
5.63585 10937.5
5.63718 10952.3
5.63851 10967
5.63983 10981.8
5.64116 10996.6
5.64249 11011.3
5.64382 11026.1
5.64514 11040.8
5.64647 11055.5
5.6478 11070.2
5.64913 11084.9
5.65045 11099.6
5.65178 11114.3
5.65311 11129
5.65444 11143.7
5.65577 11158.3
5.65709 11172.9
5.65842 11187.6
5.65975 11202.2
5.66108 11216.8
5.6624 11231.3
5.66373 11245.9
5.66506 11260.4
5.66639 11274.9
5.66772 11289.4
5.66904 11303.9
5.67037 11318.4
5.6717 11332.8
5.67303 11347.2
5.67435 11361.6
5.67568 11376
5.67701 11390.3
5.67834 11404.7
5.67967 11419
5.68099 11433.2
5.68232 11447.5
5.68365 11461.7
5.68498 11475.9
5.6863 11490
5.68763 11504.2
5.68896 11518.3
5.69029 11532.4
5.69162 11546.4
5.69294 11560.4
5.69427 11574.4
5.6956 11588.3
5.69693 11602.2
5.69825 11616.1
5.69958 11630
5.70091 11643.8
5.70224 11657.6
5.70357 11671.3
5.70489 11685
5.70622 11698.7
5.70755 11712.3
5.70888 11725.9
5.7102 11739.4
5.71153 11752.9
5.71286 11766.4
5.71419 11779.8
5.71552 11793.2
5.71684 11806.5
5.71817 11819.8
5.7195 11833
5.72083 11846.2
5.72215 11859.4
5.72348 11872.5
5.72481 11885.6
5.72614 11898.6
5.72746 11911.5
5.72879 11924.5
5.73012 11937.3
5.73145 11950.2
5.73278 11962.9
5.7341 11975.6
5.73543 11988.3
5.73676 12000.9
5.73809 12013.5
5.73941 12026
5.74074 12038.4
5.74207 12050.8
5.7434 12063.2
5.74473 12075.4
5.74605 12087.7
5.74738 12099.8
5.74871 12111.9
5.75004 12124
5.75136 12136
5.75269 12147.9
5.75402 12159.8
5.75535 12171.6
5.75668 12183.3
5.758 12195
5.75933 12206.6
5.76066 12218.1
5.76199 12229.6
5.76331 12241.1
5.76464 12252.4
5.76597 12263.7
5.7673 12274.9
5.76863 12286.1
5.76995 12297.1
5.77128 12308.2
5.77261 12319.1
5.77394 12330
5.77526 12340.8
5.77659 12351.5
5.77792 12362.2
5.77925 12372.7
5.78058 12383.2
5.7819 12393.7
5.78323 12404
5.78456 12414.3
5.78589 12424.5
5.78721 12434.6
5.78854 12444.7
5.78987 12454.7
5.7912 12464.6
5.79253 12474.4
5.79385 12484.1
5.79518 12493.7
5.79651 12503.3
5.79784 12512.8
5.79916 12522.2
5.80049 12531.5
5.80182 12540.8
5.80315 12549.9
5.80447 12559
5.8058 12567.9
5.80713 12576.8
5.80846 12585.6
5.80979 12594.3
5.81111 12603
5.81244 12611.5
5.81377 12620
5.8151 12628.3
5.81642 12636.6
5.81775 12644.7
5.81908 12652.8
5.82041 12660.8
5.82174 12668.7
5.82306 12676.5
5.82439 12684.2
5.82572 12691.8
5.82705 12699.3
5.82837 12706.7
5.8297 12714
5.83103 12721.2
5.83236 12728.3
5.83369 12735.4
5.83501 12742.3
5.83634 12749.1
5.83767 12755.8
5.839 12762.4
5.84032 12768.9
5.84165 12775.3
5.84298 12781.6
5.84431 12787.8
5.84564 12793.9
5.84696 12799.9
5.84829 12805.7
5.84962 12811.5
5.85095 12817.2
5.85227 12822.7
5.8536 12828.1
5.85493 12833.5
5.85626 12838.7
5.85759 12843.8
5.85891 12848.8
5.86024 12853.7
5.86157 12858.4
5.8629 12863.1
5.86422 12867.6
5.86555 12872
5.86688 12876.4
5.86821 12880.5
5.86954 12884.6
5.87086 12888.6
5.87219 12892.4
5.87352 12896.1
5.87485 12899.7
5.87617 12903.2
5.8775 12906.5
5.87883 12909.8
5.88016 12912.9
5.88148 12915.9
5.88281 12918.7
5.88414 12921.5
5.88547 12924.1
5.8868 12926.6
5.88812 12928.9
5.88945 12931.2
5.89078 12933.3
5.89211 12935.3
5.89343 12937.1
5.89476 12938.8
5.89609 12940.4
5.89742 12941.9
5.89875 12943.2
5.90007 12944.4
5.9014 12945.5
5.90273 12946.4
5.90406 12947.2
5.90538 12947.8
5.90671 12948.4
5.90804 12948.7
5.90937 12949
5.9107 12949.1
5.91202 12949.1
5.91335 12948.9
5.91468 12948.6
5.91601 12948.2
5.91733 12947.6
5.91866 12946.9
5.91999 12946
5.92132 12945
5.92265 12943.8
5.92397 12942.6
5.9253 12941.1
5.92663 12939.5
5.92796 12937.8
5.92928 12935.9
5.93061 12933.9
5.93194 12931.7
5.93327 12929.4
5.9346 12926.9
5.93592 12924.3
5.93725 12921.5
5.93858 12918.6
5.93991 12915.5
5.94123 12912.3
5.94256 12908.9
5.94389 12905.4
5.94522 12901.7
5.94655 12897.9
5.94787 12893.9
5.9492 12889.7
5.95053 12885.4
5.95186 12881
5.95318 12876.3
5.95451 12871.6
5.95584 12866.6
5.95717 12861.5
5.95849 12856.3
5.95982 12850.8
5.96115 12845.3
5.96248 12839.5
5.96381 12833.6
5.96513 12827.5
5.96646 12821.3
5.96779 12814.9
5.96912 12808.3
5.97044 12801.6
5.97177 12794.7
5.9731 12787.6
5.97443 12780.3
5.97576 12772.9
5.97708 12765.4
5.97841 12757.6
5.97974 12749.7
5.98107 12741.6
5.98239 12733.3
5.98372 12724.9
5.98505 12716.3
5.98638 12707.5
5.98771 12698.5
5.98903 12689.4
5.99036 12680.1
5.99169 12670.6
5.99302 12660.9
5.99434 12651.1
5.99567 12641.1
5.997 12630.9
