3.3 1351
3.30404 1358.39
3.30808 1365.79
3.31212 1373.21
3.31616 1380.64
3.3202 1388.08
3.32424 1395.54
3.32828 1403.01
3.33232 1410.5
3.33636 1418
3.3404 1425.52
3.34444 1433.04
3.34848 1440.59
3.35253 1448.14
3.35657 1455.71
3.36061 1463.3
3.36465 1470.9
3.36869 1478.51
3.37273 1486.13
3.37677 1493.78
3.38081 1501.43
3.38485 1509.1
3.38889 1516.78
3.39293 1524.48
3.39697 1532.19
3.40101 1539.91
3.40505 1547.65
3.40909 1555.4
3.41313 1563.17
3.41717 1570.95
3.42121 1578.75
3.42525 1586.56
3.42929 1594.38
3.43333 1602.22
3.43737 1610.07
3.44141 1617.93
3.44545 1625.81
3.44949 1633.7
3.45354 1641.61
3.45758 1649.53
3.46162 1657.47
3.46566 1665.42
3.4697 1673.38
3.47374 1681.36
3.47778 1689.35
3.48182 1697.35
3.48586 1705.37
3.4899 1713.4
3.49394 1721.45
3.49798 1729.51
3.50202 1737.59
3.50606 1745.68
3.5101 1753.78
3.51414 1761.9
3.51818 1770.03
3.52222 1778.18
3.52626 1786.33
3.5303 1794.51
3.53434 1802.7
3.53838 1810.9
3.54242 1819.11
3.54646 1827.34
3.55051 1835.59
3.55455 1843.84
3.55859 1852.12
3.56263 1860.4
3.56667 1868.7
3.57071 1877.01
3.57475 1885.34
3.57879 1893.68
3.58283 1902.04
3.58687 1910.41
3.59091 1918.79
3.59495 1927.19
3.59899 1935.6
3.60303 1944.03
3.60707 1952.47
3.61111 1960.92
3.61515 1969.39
3.61919 1977.87
3.62323 1986.37
3.62727 1994.88
3.63131 2003.4
3.63535 2011.94
3.63939 2020.49
3.64343 2029.06
3.64747 2037.64
3.65152 2046.24
3.65556 2054.84
3.6596 2063.47
3.66364 2072.1
3.66768 2080.75
3.67172 2089.42
3.67576 2098.1
3.6798 2106.79
3.68384 2115.49
3.68788 2124.21
3.69192 2132.95
3.69596 2141.7
3.7 2150.46
