5 7027.96
5.00334 7000.19
5.00669 6974.73
5.01003 6951.52
5.01338 6930.5
5.01672 6911.59
5.02007 6894.74
5.02341 6879.88
5.02676 6866.94
5.0301 6855.86
5.03344 6846.56
5.03679 6839
5.04013 6833.09
5.04348 6828.78
5.04682 6826
5.05017 6824.68
5.05351 6824.76
5.05686 6826.17
5.0602 6828.85
5.06355 6832.73
5.06689 6837.74
5.07023 6843.83
5.07358 6850.92
5.07692 6858.95
5.08027 6867.85
5.08361 6877.57
5.08696 6888.02
5.0903 6899.15
5.09365 6910.9
5.09699 6923.19
5.10033 6935.95
5.10368 6949.14
5.10702 6962.67
5.11037 6976.49
5.11371 6990.53
5.11706 7004.72
5.1204 7018.99
5.12375 7033.29
5.12709 7047.55
5.13043 7061.69
5.13378 7075.66
5.13712 7089.39
5.14047 7102.81
5.14381 7115.87
5.14716 7128.48
5.1505 7140.59
5.15385 7152.14
5.15719 7163.05
5.16054 7173.26
5.16388 7182.71
5.16722 7436.06
5.17057 7463.6
5.17391 7491.34
5.17726 7519.26
5.1806 7547.34
5.18395 7575.55
5.18729 7603.86
5.19064 7632.26
5.19398 7660.73
5.19732 7689.23
5.20067 7717.75
5.20401 7746.26
5.20736 7774.73
5.2107 7803.15
5.21405 7831.49
5.21739 7859.73
5.22074 7887.85
5.22408 7915.81
5.22742 7943.6
5.23077 7971.2
5.23411 7998.58
5.23746 8025.71
5.2408 8052.57
5.24415 8079.15
5.24749 8105.41
5.25084 8131.34
5.25418 8156.91
5.25753 8182.09
5.26087 8206.86
5.26421 8231.21
5.26756 8255.09
5.2709 8278.51
5.27425 8301.42
5.27759 8323.8
5.28094 8345.64
5.28428 8366.91
5.28763 8387.58
5.29097 8407.63
5.29431 8427.04
5.29766 8445.79
5.301 8463.85
5.30435 8481.19
5.30769 8497.8
5.31104 8513.65
5.31438 8528.72
5.31773 8542.98
5.32107 8556.42
5.32441 8569
5.32776 8580.7
5.3311 8591.5
5.33445 8763.31
5.33779 8785.15
5.34114 8806.76
5.34448 8828.14
5.34783 8849.29
5.35117 8870.22
5.35452 8890.93
5.35786 8911.41
5.3612 8931.67
5.36455 8951.72
5.36789 8971.55
5.37124 8991.16
5.37458 9010.57
5.37793 9029.76
5.38127 9048.75
5.38462 9067.53
5.38796 9086.11
5.3913 9104.48
5.39465 9122.66
5.39799 9140.64
5.40134 9158.42
5.40468 9176
5.40803 9193.4
5.41137 9210.6
5.41472 9227.62
5.41806 9244.45
5.4214 9261.09
5.42475 9277.56
5.42809 9293.84
5.43144 9309.94
5.43478 9325.87
5.43813 9341.62
5.44147 9357.2
5.44482 9372.6
5.44816 9387.84
5.45151 9402.91
5.45485 9417.82
5.45819 9432.56
5.46154 9447.15
5.46488 9461.57
5.46823 9475.84
5.47157 9489.95
5.47492 9503.9
5.47826 9517.71
5.48161 9531.36
5.48495 9544.87
5.48829 9558.24
5.49164 9571.46
5.49498 9584.53
5.49833 9597.47
5.50167 9679.23
5.50502 9697.11
5.50836 9715.12
5.51171 9733.27
5.51505 9751.58
5.51839 9770.06
5.52174 9788.7
5.52508 9807.53
5.52843 9826.55
5.53177 9845.77
5.53512 9865.2
5.53846 9884.85
5.54181 9904.72
5.54515 9924.84
5.54849 9945.19
5.55184 9965.81
5.55518 9986.69
5.55853 10007.8
5.56187 10029.3
5.56522 10051
5.56856 10073
5.57191 10095.4
5.57525 10118
5.5786 10141
5.58194 10164.3
5.58528 10188
5.58863 10212
5.59197 10236.4
5.59532 10261.2
5.59866 10286.4
5.60201 10311.9
5.60535 10337.9
5.6087 10364.2
5.61204 10391
5.61538 10418.2
5.61873 10445.9
5.62207 10474
5.62542 10502.5
5.62876 10531.5
5.63211 10561
5.63545 10591
5.6388 10621.5
5.64214 10652.5
5.64548 10684
5.64883 10716
5.65217 10748.5
5.65552 10781.6
5.65886 10815.3
5.66221 10849.5
5.66555 10884.2
5.6689 10885.1
5.67224 10917.7
5.67559 10950.7
5.67893 10984
5.68227 11017.7
5.68562 11051.7
5.68896 11086.1
5.69231 11120.8
5.69565 11155.8
5.699 11191.2
5.70234 11226.8
5.70569 11262.8
5.70903 11299.2
5.71237 11335.8
5.71572 11372.7
5.71906 11410
5.72241 11447.6
5.72575 11485.4
5.7291 11523.6
5.73244 11562.1
5.73579 11600.8
5.73913 11639.9
5.74247 11679.2
5.74582 11718.8
5.74916 11758.8
5.75251 11798.9
5.75585 11839.4
5.7592 11880.1
5.76254 11921.1
5.76589 11962.4
5.76923 12003.9
5.77258 12045.7
5.77592 12087.7
5.77926 12130
5.78261 12172.5
5.78595 12215.3
5.7893 12258.3
5.79264 12301.6
5.79599 12345.1
5.79933 12388.8
5.80268 12432.8
5.80602 12477
5.80936 12521.4
5.81271 12566
5.81605 12610.9
5.8194 12655.9
5.82274 12701.2
5.82609 12746.7
5.82943 12792.4
5.83278 12838.3
5.83612 12735.5
5.83946 12769.2
5.84281 12802.2
5.84615 12834.6
5.8495 12866.4
5.85284 12897.4
5.85619 12927.6
5.85953 12957
5.86288 12985.6
5.86622 13013.4
5.86957 13040.2
5.87291 13066.1
5.87625 13091
5.8796 13114.9
5.88294 13137.7
5.88629 13159.5
5.88963 13180.1
5.89298 13199.5
5.89632 13217.8
5.89967 13234.8
5.90301 13250.6
5.90635 13265
5.9097 13278.1
5.91304 13289.8
5.91639 13300.1
5.91973 13309
5.92308 13316.3
5.92642 13322.1
5.92977 13326.4
5.93311 13329.1
5.93645 13330.1
5.9398 13329.4
5.94314 13327
5.94649 13322.9
5.94983 13317
5.95318 13309.3
5.95652 13299.7
5.95987 13288.2
5.96321 13274.8
5.96656 13259.4
5.9699 13242
5.97324 13222.5
5.97659 13201
5.97993 13177.4
5.98328 13151.6
5.98662 13123.7
5.98997 13093.5
5.99331 13061
5.99666 13026.2
6 12989.2
