1 -nan
1.00936 -nan
1.01873 -nan
1.02809 -nan
1.03746 -nan
1.04682 -nan
1.05619 -nan
1.06555 -nan
1.07492 -nan
1.08428 -nan
1.09365 -nan
1.10301 -nan
1.11237 5.83346
1.12174 10.2731
1.1311 14.2886
1.14047 17.9134
1.14983 21.1811
1.1592 24.1253
1.16856 26.7797
1.17793 29.1777
1.18729 31.3531
1.19666 33.3393
1.20602 35.1699
1.21538 36.8787
1.22475 38.499
1.23411 40.0646
1.24348 41.609
1.25284 43.1658
1.26221 44.7686
1.27157 46.451
1.28094 48.2466
1.2903 50.1889
1.29967 52.3116
1.30903 54.6482
1.31839 57.2323
1.32776 60.0975
1.33712 63.2775
1.34649 66.8057
1.35585 70.7158
1.36522 75.0414
1.37458 79.816
1.38395 85.0732
1.39331 90.8467
1.40268 97.1701
1.41204 104.077
1.4214 111.601
1.43077 119.775
1.44013 128.633
1.4495 138.21
1.45886 148.537
1.46823 159.65
1.47759 171.581
1.48696 62.5889
1.49632 64.1656
1.50569 65.8155
1.51505 67.5384
1.52441 69.3343
1.53378 71.2029
1.54314 73.1442
1.55251 75.1579
1.56187 77.2441
1.57124 79.4025
1.5806 81.6329
1.58997 83.9354
1.59933 86.3097
1.6087 88.7557
1.61806 91.2733
1.62742 93.8623
1.63679 96.5226
1.64615 99.2541
1.65552 102.057
1.66488 104.93
1.67425 107.874
1.68361 110.889
1.69298 113.974
1.70234 117.13
1.71171 120.356
1.72107 123.652
1.73043 127.018
1.7398 130.454
1.74916 133.96
1.75853 137.535
1.76789 141.179
1.77726 144.893
1.78662 148.676
1.79599 152.528
1.80535 156.449
1.81472 160.439
1.82408 164.497
1.83344 168.624
1.84281 172.819
1.85217 159.467
1.86154 162.357
1.8709 165.249
1.88027 168.144
1.88963 171.042
1.899 173.942
1.90836 176.844
1.91773 179.749
1.92709 182.655
1.93645 185.564
1.94582 188.475
1.95518 191.388
1.96455 194.302
1.97391 197.218
1.98328 200.136
1.99264 203.056
2.00201 205.977
2.01137 208.9
2.02074 211.824
2.0301 214.749
2.03946 217.676
2.04883 220.604
2.05819 223.532
2.06756 226.462
2.07692 229.393
2.08629 232.324
2.09565 235.257
2.10502 238.19
2.11438 241.123
2.12375 244.058
2.13311 246.992
2.14247 249.927
2.15184 252.863
2.1612 255.798
2.17057 258.734
2.17993 261.67
2.1893 264.606
2.19866 267.542
2.20803 270.477
2.21739 273.413
2.22676 291.595
2.23612 295.967
2.24548 300.428
2.25485 304.98
2.26421 309.626
2.27358 314.368
2.28294 319.21
2.29231 324.152
2.30167 329.199
2.31104 334.351
2.3204 339.613
2.32977 344.985
2.33913 350.471
2.34849 356.074
2.35786 361.794
2.36722 367.636
2.37659 373.601
2.38595 379.692
2.39532 385.911
2.40468 392.261
2.41405 398.744
2.42341 405.363
2.43278 412.12
2.44214 419.017
2.45151 426.058
2.46087 433.244
2.47023 440.578
2.4796 448.062
2.48896 455.7
2.49833 463.492
2.50769 471.442
2.51706 479.553
2.52642 487.826
2.53579 496.264
2.54515 504.87
2.55452 513.646
2.56388 522.594
2.57324 531.718
2.58261 541.018
2.59197 537.941
2.60134 546.238
2.6107 554.611
2.62007 563.059
2.62943 571.58
2.6388 580.169
2.64816 588.825
2.65753 597.546
2.66689 606.328
2.67625 615.17
2.68562 624.068
2.69498 633.02
2.70435 642.023
2.71371 651.075
2.72308 660.173
2.73244 669.315
2.74181 678.498
2.75117 687.719
2.76054 696.976
2.7699 706.267
2.77926 715.588
2.78863 724.938
2.79799 734.313
2.80736 743.711
2.81672 753.13
2.82609 762.566
2.83545 772.018
2.84482 781.482
2.85418 790.957
2.86355 800.439
2.87291 809.926
2.88227 819.415
2.89164 828.904
2.901 838.391
2.91037 847.872
2.91973 857.345
2.9291 866.808
2.93846 876.258
2.94783 885.692
2.95719 895.107
2.96656 907.425
2.97592 917.383
2.98528 927.393
2.99465 937.46
3.00401 947.588
3.01338 957.78
3.02274 968.041
3.03211 978.373
3.04147 988.781
3.05084 999.268
3.0602 1009.84
3.06957 1020.5
3.07893 1031.25
3.08829 1042.09
3.09766 1053.03
3.10702 1064.07
3.11639 1075.22
3.12575 1086.48
3.13512 1097.86
3.14448 1109.35
3.15385 1120.96
3.16321 1132.7
3.17258 1144.56
3.18194 1156.56
3.1913 1168.69
3.20067 1180.97
3.21003 1193.39
3.2194 1205.95
3.22876 1218.67
3.23813 1231.54
3.24749 1244.57
3.25686 1257.77
3.26622 1271.13
3.27559 1284.66
3.28495 1298.36
3.29431 1312.25
3.30368 1326.31
3.31304 1340.56
3.32241 1355
3.33177 1398.82
3.34114 1416.23
3.3505 1433.96
3.35987 1452.01
3.36923 1470.38
3.3786 1489.06
3.38796 1508.07
3.39732 1527.4
3.40669 1547.05
3.41605 1567.02
3.42542 1587.31
3.43478 1607.93
3.44415 1628.86
3.45351 1650.12
3.46288 1671.71
3.47224 1693.62
3.48161 1715.85
3.49097 1738.41
3.50033 1761.29
3.5097 1784.5
3.51906 1808.04
3.52843 1831.9
3.53779 1856.09
3.54716 1880.6
3.55652 1905.45
3.56589 1930.62
3.57525 1956.12
3.58462 1981.95
3.59398 2008.11
3.60334 2034.61
3.61271 2061.43
3.62207 2088.58
3.63144 2116.06
3.6408 2143.88
3.65017 2172.02
3.65953 2200.5
3.6689 2229.31
3.67826 2258.46
3.68763 2287.94
3.69699 2317.75
3.70635 2097.28
3.71572 2097.57
3.72508 2095.32
3.73445 2090.36
3.74381 2082.49
3.75318 2071.52
3.76254 2057.28
3.77191 2039.57
3.78127 2018.2
3.79064 1992.99
3.8 1963.76
